1.3220692628553767
1.190106732816292
1.2690253659411863
1.1657006232085674
1.3527093806202621
1.269294633267162
1.2657733504492832
1.2505529282360754
1.174236341731817
1.1804836009293298
1.348266514745567
1.2056947755152738
1.2044011787696614
1.3050052704485577
1.6507566029738938
1.578532250029485
1.4688614764504946
1.3036611792977566
1.2685956510632852
1.3482993733824646
1.1580508782910583
1.2983738062970214
1.4779410483843407
1.0674378738822827
1.0686700476060325
1.0986577490257197
1.1634794659963674
1.2852678733277438
1.3008307169393665
1.1517335421512684
1.1346972207973967
1.2097925912954506
1.4956591387890117
1.5808396054870906
1.1890768206887243
1.3287923211785846
1.3884851635671052
1.1859602891308678
1.2166195678705756
1.2512239941329362
1.3401159486417562
1.067874290424303
1.2672900318101081
1.1453725524849876
1.1276781765579116
1.1604217853895011
1.3219667634817898
1.229896311202406
1.35119680338609
1.2676857387009188
-2.4410093171541067
-1.883933396045168
-2.703759752886261
-0.9425345426734839
-2.1146675656533778
-1.444751255710118
-2.0741777662601857
-0.09331418380058643
-2.057724554412423
-0.7214761069062938
-0.28748478152906726
-1.328849032674698
-1.0877306054189773
-1.9109845625343058
-0.5769638585223142
-1.909660385346021
-1.4563590797418304
-1.0138828780047673
-1.874794610473694
-0.8143072710109907
-2.0529576095326862
-1.1671483547380312
-2.346672607971804
-1.8282533423397118
-1.607617735383155
-1.8640911894716248
-2.503896699396616
-2.8182715774526486
-1.6913588167347091
-0.48947128717406485
-0.7107397417866945
-0.5766837877586553
-0.9090906447006321
-2.4000359890806777
-1.3330295411964124
-1.661273545622103
-2.3199297976546633
-1.734234287829334
-0.9978550413305968
-0.9179702230224599
-1.219648242815234
-1.7795196559031936
-1.0120229300867023
-0.134692006611142
-1.1198458107698612
-1.093122748489485
-1.1472058777288043
-1.515305843752385
0.025492672434303976
-1.0683857354285013
