1.542337538124966
1.2450502208944885
1.4607518121906005
1.2081864616035227
1.6019000988337324
1.4009890581026707
1.4385534769182786
1.3863486573701778
1.1859380861486493
1.252633176351198
1.5645108460413302
1.2899223283984047
1.2897972186345483
1.5799019580771274
2.0324024231857925
1.891354228325275
1.7872949115506382
1.4976656172118887
1.3859482734550097
1.5795516314131155
1.1928954435992936
1.4753922176060774
1.9885062356411747
0.9996173987027241
1.0001929393280204
1.0518222208962296
1.200428342063447
1.4456860017629023
1.4827749750710149
1.17102242527491
1.1114598571460597
1.2967045254686862
1.8472828745191774
1.9584497005043549
1.2526331743826298
1.5571030684382017
1.6386137157547296
1.2526331700202074
1.3420020400752146
1.3862735841323492
1.594317154664041
0.8808426060443666
1.4609770219453324
1.1705719947025017
1.1485738537176184
1.2004533744569539
1.5276470876475492
1.3642504177774952
1.5645859174331616
1.4234376278754115
-2.360637623546713
-2.211706191980439
-2.6578748934996184
-2.1741918198505736
-2.546307688801952
-2.359786816009015
-2.389968477810102
-1.3042028960916383
-2.397551431443155
-1.8841121064743758
-1.7353808639175274
-2.0405764336267556
-2.1000389070036736
-2.5384244584272806
-1.4310360890474916
-2.1301705118499665
-2.3300806120308923
-1.8990277713567958
-2.8064309657208772
-1.8693716034535137
-2.6350759912527852
-1.877204787548186
-3.0143494150058867
-2.508568108032747
-2.107671898379036
-2.1895829339339024
-2.6950139071759263
-2.903132547448216
-2.3898683822495066
-1.3789814045088138
-1.8322075607142134
-1.6909591739439354
-1.795218681648176
-3.1329740725152715
-2.3299304701686907
-2.1371028482985244
-2.464571825329491
-2.561098245350198
-1.8544309115591797
-2.055216839417474
-2.3373632696032844
-2.3823605107885544
-1.9512826327252335
-1.3637654572239988
-2.129469855192789
-1.9064105269027756
-2.0105699376698967
-2.1075217559205823
-0.9998080799710495
-1.9734809628809322
