1.542337538158114
1.2450502226924882
1.46075181054717
1.208186464272311
1.6019001006411047
1.4009890587501563
1.4385534797694528
1.3863486547719384
1.1859380861660842
1.2526331731562859
1.564510845271578
1.289922333868796
1.2897972155475104
1.579901959177411
2.032402424437298
1.8913542290003966
1.7872949103049376
1.4976656162958597
1.385948276143877
1.5795516278778539
1.19289544502349
1.4753922145253755
1.9885062361669426
0.9996174009248339
1.0001929452026808
1.0518222259223609
1.2004283481587565
1.4456860042766493
1.4827749756751187
1.17102242188108
1.111459859398085
1.2967045270764057
1.847282875080253
1.9584496946186516
1.2526331731562665
1.5571030604576093
1.6386137170757449
1.252633173156268
1.3420020405450028
1.3862735837791762
1.5943171501773203
0.8808426072584081
1.460977023525464
1.1705719959245007
1.148573854460811
1.2004533718230166
1.5276470868513983
1.3642504186512383
1.5645859162643352
1.4234376261704125
-2.3606376228490213
-2.2117061929772945
-2.6578748909861383
-2.1741918192864826
-2.54630769281967
-2.359786818264363
-2.389968478133939
-1.304202896032074
-2.3975514285977106
-1.8841120993208478
-1.7353808587631332
-2.0405764323278377
-2.1000389001538102
-2.538424458384833
-1.4310360897831038
-2.1301705126948733
-2.3300806080156318
-1.899027763605843
-2.806430965894044
-1.8693716006856016
-2.6350759922663025
-1.8772047877919422
-3.0143494139709253
-2.5085681061505825
-2.107671897946096
-2.1895829331923387
-2.6950139097131185
-2.9031325471040184
-2.389868383476923
-1.378981406771126
-1.8322075582943864
-1.690959173543447
-1.7952186815529427
-3.132974065651809
-2.3299304660300995
-2.1371028478880336
-2.4645718232232046
-2.5610982387833934
-1.8544309127363654
-2.0552168363060455
-2.337363274508364
-2.3823605040059275
-1.9512826359318607
-1.3637654585150643
-2.129469850095744
-1.906410524755575
-2.0105699381080426
-2.107521755960567
-0.9998080797235259
-1.9734809667095798
