1.542337538158102
1.2450502226924967
1.4607518105471728
1.2081864642723144
1.6019001006410925
1.4009890587501475
1.4385534797694532
1.3863486547719415
1.1859380861660802
1.252633173156268
1.5645108452715708
1.28992233386877
1.2897972155474995
1.5799019591774066
2.032402424437293
1.8913542290003915
1.7872949103049385
1.4976656162958641
1.3859482761438697
1.5795516278778474
1.192895445023495
1.4753922145253748
1.9885062361669428
0.9996174009248252
1.0001929452026745
1.0518222259223378
1.2004283481587579
1.4456860042766444
1.4827749756751116
1.1710224218810799
1.1114598593980891
1.2967045270764024
1.8472828750802541
1.9584496946186418
1.2526331731562668
1.557103060457584
1.6386137170757502
1.2526331731562725
1.3420020405450095
1.3862735837791815
1.5943171501773234
0.8808426072584068
1.460977023525477
1.1705719959244996
1.1485738544608126
1.2004533718230086
1.527647086851392
1.3642504186512425
1.5645859162643359
1.4234376261704123
-2.360637622849028
-2.2117061929772905
-2.657874890986128
-2.1741918192864955
-2.5463076928196657
-2.359786818264365
-2.389968478133945
-1.304202896032075
-2.3975514285977155
-1.8841120993208478
-1.7353808587631456
-2.040576432327838
-2.100038900153817
-2.538424458384838
-1.4310360897831056
-2.130170512694871
-2.3300806080156398
-1.8990277636058428
-2.8064309658940463
-1.8693716006856234
-2.6350759922663043
-1.8772047877919382
-3.014349413970919
-2.5085681061505856
-2.1076718979460947
-2.1895829331923355
-2.6950139097131096
-2.9031325471040184
-2.3898683834769257
-1.378981406771125
-1.832207558294387
-1.690959173543446
-1.7952186815529372
-3.132974065651813
-2.32993046603012
-2.1371028478880296
-2.464571823223209
-2.561098238783399
-1.8544309127363663
-2.0552168363060455
-2.3373632745083657
-2.382360504005913
-1.9512826359318594
-1.3637654585150707
-2.129469850095747
-1.9064105247555823
-2.0105699381080506
-2.107521755960575
-0.9998080797235239
-1.9734809667095823
