1.542337537635741
1.2450502218807284
1.4607518147603153
1.2081864621068077
1.6019001043334837
1.4009890568967875
1.4385534860623856
1.3863486584257534
1.1859380817108993
1.2526331742464862
1.564510849120612
1.2899223342974637
1.2897972216475022
1.5799019634014841
2.032402424442306
1.8913542299153023
1.7872949045434272
1.4976656127368455
1.385948273958992
1.5795516243152712
1.192895447164889
1.475392215670557
1.9885062384766452
0.9996174012693615
1.000192941651421
1.0518222252473255
1.2004283466384076
1.445686005259781
1.4827749754890232
1.1710224220092798
1.1114598599736039
1.2967045267645314
1.8472828750641623
1.9584496948652226
1.2526331744089685
1.5571030597858844
1.6386137180017237
1.2526331713223677
1.3420020393275756
1.386273580039732
1.5943171516430914
0.8808426078146642
1.4609770218181164
1.170571998143656
1.1485738552923273
1.2004533712580143
1.5276470865699212
1.3642504325117404
1.5645859133542996
1.4234376270098619
-2.3606376130183757
-2.2117061915919436
-2.657874891020742
-2.174191828172612
-2.546307692286209
-2.359786814795387
-2.3899684713195226
-1.304202897084764
-2.397551428600919
-1.8841121010202628
-1.7353808608039032
-2.040576441771103
-2.100038896990176
-2.538424456407706
-1.4310360914096862
-2.130170505295927
-2.3300806087401087
-1.8990277588262883
-2.8064309641706067
-1.8693715973275122
-2.635075993185533
-1.8772047898245443
-3.0143494148998426
-2.50856810560612
-2.10767189856909
-2.1895829337967476
-2.6950139082517963
-2.903132547067004
-2.3898683843732496
-1.378981407725298
-1.83220755765248
-1.6909591751464914
-1.7952186814630076
-3.1329740694746016
-2.3299304635279747
-2.137102847195913
-2.464571825709753
-2.561098239911413
-1.8544309128078864
-2.0552168378400513
-2.337363272295061
-2.3823605031234343
-1.9512826356366777
-1.3637654572734788
-2.129469848588297
-1.9064105279764016
-2.0105699336584406
-2.107521758213647
-0.9998080816646414
-1.9734809670229325
