1.5437476107818042
1.2925348287245488
1.5062973117246714
1.2582364117473344
1.600479030513454
1.3445080633480684
1.4684146225214187
1.395986348451969
1.263612827042232
1.290742690466971
1.5337362929572904
1.3049565165112478
1.3435807154343617
1.667654176058292
1.9723851556558705
1.7916852322511523
1.7457066453776222
1.4973366210177281
1.3249178190844106
1.5533265375614436
1.176847443941632
1.4548190248921578
2.020217228598611
0.9994226740877091
1.0040575777839873
1.0873006246222612
1.202864730427833
1.4388130550545923
1.4870161883824478
1.205398375653518
1.1486669549300017
1.2846247604303085
1.7978031599539706
1.889883618451512
1.2907426840205238
1.592692242057756
1.6255076364048018
1.2907426845027232
1.4160089981270483
1.3913514450509166
1.602271170680971
1.0002874671188513
1.5202020239263923
1.1621392771353132
1.1057169726168374
1.2507587393280226
1.4994378783848854
1.4106325744577488
1.5383711929765937
1.4441894830041222
-2.567425234738615
-2.3854275047194604
-2.861897122077383
-2.2182618443937945
-2.6987481284844623
-2.468547282301398
-2.575706360048691
-1.297025433493904
-2.558464548033345
-1.9420823915794472
-1.710645691546114
-2.165547090494902
-2.154299916221111
-2.682000651471637
-1.5091190484347197
-2.3047181064321878
-2.45254130049592
-1.9848471621446158
-2.897122888259576
-1.925582094917216
-2.8023848811118275
-1.9855886677257397
-3.1466668105619973
-2.641275196601164
-2.2482957996175976
-2.3521797269780036
-2.8668411456903806
-3.0978454496302708
-2.523177444901381
-1.4305109088119534
-1.8727440634008534
-1.726033423961968
-1.87706984644263
-3.2755793290222317
-2.443271489421317
-2.3091058438434398
-2.6520280251182586
-2.656539646171351
-1.9585207620374578
-2.1140688032215547
-2.41675987518396
-2.5296044892585923
-2.029466011313941
-1.353756850761364
-2.215109966817862
-2.0170443203142687
-2.115551824641881
-2.2390259895520606
-0.999710770974264
-2.067348704882473
