1.5018378689469771
1.232922670431494
1.3974352849632514
1.200916147272509
1.5511507979227874
1.3892341402624562
1.3804308084156123
1.355263717774846
1.1873571016227524
1.2382545291885694
1.5548096630476107
1.2661100454047385
1.2670982424029167
1.4433570823418218
2.120181024943696
1.9967155425180325
1.7886959535634102
1.4614649047092452
1.3825093441878458
1.5493278050850385
1.1766213341799259
1.4468100354282893
1.8027023001921818
0.9995543612395341
1.0088529603362644
1.068938683418075
1.1875585991795905
1.4198983529671314
1.4513487032680739
1.1691228731906735
1.1214088515856837
1.2814311813450252
1.841175371796118
2.012984552687223
1.2382545506724671
1.4928532011129132
1.6257679228164483
1.238254541090803
1.2945146040774576
1.3589965586393786
1.5386085556604308
1.0002250130808334
1.3807074481043542
1.1568820440616545
1.1213997380207221
1.1966313494039533
1.5005330911764005
1.3198388499915223
1.5469188076030984
1.3856821471357805
-5.758235766068712
-4.67231030063384
-6.261141956438989
-2.862564870417452
-5.128275188819809
-3.8309046505534483
-5.057318063291344
-1.2196222457059605
-5.0318591072402175
-2.435037847074576
-1.6049143695222932
-3.5911419662175086
-3.1390206766437276
-4.738875994034336
-2.171406432252796
-4.733717003605483
-3.842562739815897
-3.005546165230934
-4.673795702120177
-2.6160047761274763
-4.9986216797906895
-3.3099147356303176
-5.586867862581384
-4.584628309034626
-4.1649265965996225
-4.65556888288394
-5.870339124921677
-6.468994095724125
-4.303728232048565
-1.9777110044123227
-2.396874888028238
-2.1803963042956918
-2.811703146359246
-5.675197121392971
-3.6315068311107286
-4.253850091858906
-5.5165332629567745
-4.408491232762373
-2.9692396609988836
-2.82658273068673
-3.404048766507875
-4.507796550309587
-3.0076047610024093
-1.3026207395814633
-3.21360672012362
-3.160401968438889
-3.2635892183748645
-3.9528829342464706
-0.9997517036888526
-3.112735057866527
