1.543747611344637
1.292534824742258
1.5062973115623899
1.2582364091772922
1.600479034928741
1.3445080674474723
1.4684146243460297
1.3959863497536984
1.2636128248485141
1.2907426841011564
1.5337362904974388
1.304956501662567
1.3435807113655458
1.667654173423269
1.9723851577019915
1.7916852285276763
1.7457066414542906
1.497336622400472
1.3249178186863853
1.5533265289453124
1.1768474461565384
1.4548190277759643
2.020217225862992
0.9994226745210594
1.004057583776663
1.0873006311598938
1.202864731182816
1.4388130568960547
1.4870161852774315
1.2053983747669677
1.1486669581008278
1.2846247589241717
1.7978031624163604
1.8898836100711067
1.2907426908535269
1.5926922429466623
1.6255076383005485
1.290742683984794
1.4160089919279553
1.3913514382454646
1.6022711709096231
1.0002874622664357
1.5202020285166862
1.1621392741815413
1.1057169724141407
1.250758744835059
1.4994378751924646
1.4106325777685746
1.5383711938630977
1.4441894786580425
-2.5674252338548538
-2.385427510716984
-2.8618971239994284
-2.218261843695373
-2.698748131382173
-2.4685472760465337
-2.575706360737476
-1.2970254251879743
-2.5584645398027375
-1.9420824009840056
-1.7106456926936209
-2.165547090156998
-2.154299919216588
-2.6820006499140776
-1.5091190597893984
-2.3047181072037484
-2.4525413079256775
-1.98484715939996
-2.897122875546298
-1.9255820886667885
-2.802384879813406
-1.98558867234991
-3.1466668098750272
-2.6412751953474007
-2.248295809169492
-2.35217971560622
-2.866841137196483
-3.0978454508377915
-2.523177446842017
-1.4305109051313776
-1.8727440601773984
-1.7260334292225437
-1.8770698394769079
-3.2755793351903555
-2.4432715029712275
-2.3091058463069527
-2.6520280248969943
-2.656539656292897
-1.9585207595421208
-2.1140688030754893
-2.416759878026337
-2.5296044865851997
-2.029466010747939
-1.3537568484606177
-2.215109962346127
-2.017044322608522
-2.115551823671557
-2.239025989753389
-0.9997107727272996
-2.0673486994259984
