1.543747607704769
1.2925348168479096
1.5062973093080962
1.2582364068454446
1.6004790326937712
1.344508064215358
1.4684146293498055
1.3959863477251648
1.2636128322834044
1.2907426856451591
1.5337362892871813
1.3049565192011572
1.3435807148075387
1.6676541720327134
1.9723851566080697
1.791685230118426
1.7457066400702193
1.49733662096715
1.3249178221208888
1.5533265303569823
1.1768474476433466
1.4548190279432134
2.0202172277442996
0.9994226745594846
1.0040575782165941
1.0873006220554495
1.2028647285138734
1.4388130576584024
1.4870161824757768
1.205398378074808
1.148666953009813
1.2846247615382913
1.7978031546798312
1.889883620661278
1.290742682122384
1.5926922377457946
1.6255076352360283
1.2907426858785072
1.4160089897943877
1.3913514470144739
1.6022711667034408
1.0002874701775284
1.5202020203735442
1.1621392772717118
1.1057169693137083
1.2507587400439728
1.4994378710100142
1.4106325738580612
1.538371193928141
1.4441894831075197
-2.5674252346345714
-2.3854275076279907
-2.861897127048062
-2.2182618414868154
-2.6987481311335824
-2.4685472734440177
-2.575706362182699
-1.2970254248685464
-2.5584645419190246
-1.9420824000585803
-1.710645693167582
-2.1655470905747083
-2.1542999217039918
-2.682000652470279
-1.5091190623391744
-2.3047181112467516
-2.452541307756587
-1.9848471569025028
-2.8971228850221795
-1.9255820892177629
-2.802384881516553
-1.9855886636352131
-3.146666812028551
-2.641275197153649
-2.248295801627199
-2.35217972853283
-2.866841142582726
-3.097845450285374
-2.5231774498477355
-1.4305109163474454
-1.8727440635027022
-1.7260334252345662
-1.8770698488710165
-3.2755793405373765
-2.4432715039811796
-2.3091058397804094
-2.652028027664557
-2.6565396499512595
-1.958520757729262
-2.1140688033577177
-2.4167598773337664
-2.5296044883101687
-2.0294660136745164
-1.3537568501120434
-2.215109957369407
-2.0170443252285124
-2.1155518335892687
-2.2390259914479147
-0.9997107791406906
-2.0673487006711007
