109929.74305621219
28714.618229824686
52313.05748664635
19175.931581670866
118715.64290734212
136819.74422186372
53851.49219827761
68736.35008187633
11396.100458854497
31216.135820666506
169958.07731591325
41085.78302755729
31798.838139489868
36479.573409446566
470721.7431073695
501648.13291594386
256448.02680188953
102650.29601394707
148420.52610963798
143491.05113322753
37600.36335100513
110107.67885728611
120078.52754745807
-15494.320693026626
-13057.250477230129
-1492.821184343497
31658.874904722645
99902.23348230662
101093.46326404839
16290.31649049755
8456.081891290072
69428.5755881868
267457.47960797313
405323.8107509439
32436.76430293195
82175.91740158602
179281.81801979046
31925.944085252846
25717.77956812275
71776.06817707015
107230.78128161027
-9623.793359295134
39105.33303981441
26153.60943716354
25326.91621632663
20088.967189949697
131650.95589917997
39070.10925856662
155068.01758603824
67955.48872863966
-10607969.719921483
-6553825.182251466
-11207658.867283873
-1913695.6948485496
-6834183.479330292
-3499728.1232657842
-7237003.816093588
-646812.0631140291
-7140524.471632278
-1602493.0558903702
-742380.6227973166
-3694642.394167813
-2547871.3774358393
-5521505.417646412
-1799897.2808589656
-7195916.696317617
-3586093.8225393677
-2632469.971849585
-4555678.206485669
-1923601.2544174795
-5987606.120783185
-3396029.0010936405
-6645282.296185569
-5145216.872259643
-5194301.39472162
-6608539.791850984
-9168215.125809036
-10653796.07418318
-4674165.782214573
-1546924.345473723
-1620592.707086676
-1466190.2721945862
-2422658.4711938733
-6464760.586229768
-3101790.966051011
-5343185.4554185495
-8789184.66690023
-4525212.9588235235
-2627569.3880754164
-2012216.093252406
-2633449.896192313
-5299183.305632357
-2547842.302780574
-690581.5943046659
-2614756.1932412586
-2946640.2991217314
-2960630.1127548744
-4520791.96924836
-633281.9786513965
-2702330.902249869
