1.5449130011857701
1.2446648576211177
1.460593277252831
1.2065253529805358
1.6016632606285104
1.400564611328754
1.4398879122349555
1.3840932285780136
1.1853165825498881
1.252352573830865
1.5618387225817563
1.2896875674955104
1.2867864836017064
1.581128534917076
2.0329159035713893
1.8917048108590486
1.78874968259057
1.5042458442611966
1.3861708502988852
1.5826183374540645
1.1908256896962797
1.4735504961797914
1.9863548653654346
0.9992514373307538
1.0001535456334576
1.0528346345973656
1.2002300808609534
1.4459925487140992
1.4848171199759261
1.1720580507860316
1.1134279184589029
1.2933339144564966
1.8476172677688116
1.9584076215069839
1.2530536030434625
1.5592477402612204
1.6405576537944415
1.2519111768019504
1.3433200995144603
1.3861260856598556
1.5911837920099925
0.8804557702730482
1.463134343145071
1.1716047028956607
1.1486941420529775
1.2015716529399463
1.5278968783639273
1.3642634066346717
1.564969306454957
1.423303915652204
-2.3614453598674636
-2.212036162694464
-2.6583631270360453
-2.1744271502116583
-2.544526794386327
-2.356899223318772
-2.392570861589969
-1.3042965238675475
-2.3955691859529207
-1.8830270691184536
-1.736451887966363
-2.04030259609408
-2.0990048656876428
-2.538918734392109
-1.4338522264194138
-2.1296840602758462
-2.3298357952221265
-1.8996307770346486
-2.8067235073340857
-1.8692357513553133
-2.6347356166481806
-1.8775474766393043
-3.0169762561748907
-2.5081487844439487
-2.107328826073455
-2.189215219727084
-2.6953511161254955
-2.9009370435028585
-2.390366654046036
-1.3773541029092455
-1.8303391887920704
-1.691350960805847
-1.7962370774774608
-3.133787271175593
-2.3303550346247217
-2.1351848271708844
-2.464665112474818
-2.5592746463674816
-1.8479138024290738
-2.0526954739771566
-2.338129026655365
-2.3811042879396376
-1.9499585317649366
-1.3658887540111064
-2.1293328721138414
-1.9052779742975494
-2.010993551485367
-2.1069437171956658
-0.9997522145436453
-1.9730294338730734
