1.542337536824702
1.2450502222406812
1.4607518077759212
1.2081864646186564
1.6019000990732652
1.4009890543585024
1.4385534775049367
1.3863486565846608
1.1859380914201583
1.2526331760484983
1.5645108455289098
1.28992233309109
1.2897972150659596
1.5799019615536165
2.0324024214451866
1.8913542270897523
1.7872949135192397
1.497665619302221
1.385948276245421
1.5795516291745404
1.1928954465688282
1.4753922069007745
1.9885062390747583
0.9996174114657707
1.0001929461122516
1.0518222292967976
1.2004283475037483
1.4456859978215977
1.482774975235614
1.1710224218891518
1.1114598589268498
1.296704523791593
1.8472828769429996
1.958449693866422
1.2526331707409868
1.5571030588621984
1.6386137219811232
1.2526331711665544
1.3420020392669092
1.3862735928337957
1.5943171403151415
0.8808426085274983
1.4609770244598046
1.170571994121032
1.1485738534600658
1.2004533654316814
1.5276470819165342
1.3642504184520488
1.56458591306999
1.4234376254124315
-2.3606376232138455
-2.2117061949016548
-2.6578748927141778
-2.174191825621
-2.546307693390298
-2.3597868233333386
-2.389968477681062
-1.3042028963676022
-2.3975514229694963
-1.8841120985961912
-1.7353808612523287
-2.0405764296134152
-2.100038901104019
-2.5384244644189224
-1.431036090627578
-2.1301705139811267
-2.3300806144482062
-1.8990277624135328
-2.806430965329105
-1.869371600732402
-2.635075991597015
-1.877204784621326
-3.0143494132057818
-2.5085681004873694
-2.1076718942088086
-2.189582933504919
-2.695013909409051
-2.9031325512274884
-2.3898683820975397
-1.3789814151160922
-1.8322075583553483
-1.6909591686887415
-1.795218680240006
-3.1329740665812236
-2.3299304692428384
-2.1371028447213463
-2.464571821680017
-2.5610982422541793
-1.8544309076867442
-2.0552168335568806
-2.337363271339828
-2.3823605105380485
-1.951282631568057
-1.3637654593201214
-2.1294698449166463
-1.9064105286136048
-2.010569936919928
-2.107521749547412
-0.9998080790424211
-1.9734809637981583
