1.5423375381581055
1.2450502226924935
1.4607518105471735
1.2081864642723137
1.6019001006410967
1.4009890587501463
1.4385534797694512
1.3863486547719432
1.1859380861660827
1.252633173156267
1.564510845271573
1.2899223338687722
1.2897972155475002
1.5799019591774102
2.032402424437296
1.8913542290003904
1.787294910304937
1.497665616295862
1.3859482761438715
1.5795516278778474
1.1928954450234943
1.4753922145253764
1.988506236166941
0.9996174009248265
1.0001929452026794
1.0518222259223344
1.2004283481587588
1.4456860042766442
1.482774975675114
1.1710224218810803
1.1114598593980891
1.2967045270764028
1.847282875080254
1.958449694618646
1.252633173156267
1.557103060457581
1.6386137170757493
1.252633173156267
1.3420020405450082
1.3862735837791798
1.594317150177323
0.8808426072584069
1.4609770235254638
1.1705719959244998
1.1485738544608133
1.2004533718230135
1.527647086851393
1.3642504186512394
1.5645859162643365
1.4234376261704131
-2.360637622849027
-2.2117061929772945
-2.6578748909861307
-2.1741918192864986
-2.5463076928196666
-2.359786818264375
-2.3899684781339428
-1.3042028960320762
-2.3975514285977155
-1.8841120993208427
-1.735380858763146
-2.0405764323278404
-2.1000389001538133
-2.53842445838484
-1.431036089783105
-2.130170512694872
-2.330080608015643
-1.8990277636058448
-2.8064309658940454
-1.869371600685622
-2.6350759922663007
-1.8772047877919404
-3.014349413970917
-2.508568106150581
-2.1076718979460956
-2.1895829331923364
-2.695013909713109
-2.9031325471040157
-2.3898683834769243
-1.3789814067711235
-1.8322075582943886
-1.6909591735434477
-1.7952186815529365
-3.132974065651809
-2.329930466030116
-2.137102847888029
-2.464571823223208
-2.561098238783397
-1.854430912736365
-2.0552168363060432
-2.337363274508363
-2.3823605040059137
-1.951282635931862
-1.3637654585150674
-2.1294698500957465
-1.9064105247555831
-2.0105699381080546
-2.107521755960569
-0.9998080797235258
-1.973480966709584
