1.53788401343414
1.2461189474886247
1.463873251199859
1.2128057646164585
1.5988404571079944
1.399994333510144
1.4376154079717685
1.3859600276757333
1.1861413015515
1.2475023196926207
1.5640714999652072
1.2892233539504097
1.2904023109455942
1.5783055664791672
2.0311743450984348
1.8904456887467689
1.7873311446166018
1.4978566372023365
1.3850861779867123
1.5799145532372247
1.1941067478194454
1.4751204699006355
1.9885279226533736
0.9971210837480009
1.0015505801338738
1.0539101581360615
1.199943110033626
1.444789331623064
1.481595436633097
1.1714821103829922
1.109703017418345
1.2965000488946403
1.8467844063816032
1.955647673437799
1.2537976654244278
1.5561796058831803
1.637549738707631
1.2520454473194327
1.3422697422718755
1.3889425907449697
1.597960717101457
0.879507102895276
1.4608694606389285
1.171927450031205
1.1472038895843513
1.1986296240332788
1.5281772820885056
1.361973288431162
1.5663250003586504
1.4240818613133603
-2.36059485688233
-2.211544982189675
-2.656175849142284
-2.1740399626103297
-2.5453951108949
-2.360532518814422
-2.3896159857719175
-1.3038037959036228
-2.398214742465858
-1.8831096366091493
-1.7358011335196792
-2.040309245144929
-2.100215033215505
-2.5377902550230775
-1.4341447304709998
-2.130730257420526
-2.3306498244732943
-1.900209265203117
-2.8063253991155976
-1.8690275846926856
-2.634641840693007
-1.8776449522399312
-3.0141096586638
-2.507105000495074
-2.1078434725483683
-2.1868487970666735
-2.6930108030216044
-2.9025626708479035
-2.393098557895072
-1.3788103293190033
-1.8331706273864043
-1.6913024191159516
-1.7951509172687543
-3.1339301774121053
-2.3309612917550253
-2.1375714917304993
-2.4641654958877894
-2.5606483854430726
-1.8544890411804824
-2.0566131790932287
-2.3396399836606783
-2.3820154747408804
-1.9519394354588289
-1.3638692382765425
-2.1289830364340747
-1.9063705975812244
-2.009276374381388
-2.1076856840307348
-0.9995910707713092
-1.9710483591929355
