1.542337538158114
1.2450502226925004
1.4607518105471784
1.2081864642723184
1.6019001006410947
1.4009890587501475
1.438553479769452
1.386348654771942
1.1859380861660846
1.2526331731562679
1.5645108452715761
1.2899223338687684
1.289797215547504
1.5799019591774077
2.0324024244372993
1.8913542290003904
1.7872949103049423
1.4976656162958641
1.385948276143877
1.5795516278778465
1.192895445023494
1.4753922145253804
1.988506236166947
0.9996174009248285
1.0001929452026794
1.0518222259223386
1.200428348158765
1.4456860042766508
1.4827749756751154
1.1710224218810823
1.1114598593980873
1.2967045270764062
1.8472828750802521
1.9584496946186492
1.2526331731562679
1.557103060457584
1.638613717075755
1.2526331731562679
1.3420020405450104
1.386273583779181
1.5943171501773237
0.8808426072584069
1.460977023525468
1.1705719959244996
1.1485738544608162
1.2004533718230186
1.527647086851394
1.3642504186512476
1.5645859162643334
1.4234376261704136
-2.3606376228490205
-2.21170619297729
-2.6578748909861303
-2.1741918192865
-2.5463076928196613
-2.3597868182643764
-2.389968478133946
-1.3042028960320784
-2.397551428597717
-1.8841120993208356
-1.7353808587631447
-2.0405764323278475
-2.100038900153821
-2.53842445838484
-1.4310360897831145
-2.130170512694869
-2.3300806080156504
-1.8990277636058521
-2.806430965894046
-1.8693716006856191
-2.635075992266296
-1.8772047877919475
-3.0143494139709133
-2.508568106150585
-2.107671897946092
-2.189582933192342
-2.6950139097131056
-2.903132547104016
-2.3898683834769243
-1.3789814067711261
-1.8322075582943866
-1.6909591735434488
-1.795218681552933
-3.1329740656518026
-2.3299304660301146
-2.137102847888039
-2.464571823223204
-2.5610982387834027
-1.8544309127363632
-2.055216836306046
-2.337363274508364
-2.3823605040059106
-1.9512826359318622
-1.3637654585150698
-2.1294698500957394
-1.9064105247555871
-2.010569938108057
-2.1075217559605703
-0.9998080797235268
-1.9734809667095816
