1.5423375379653872
1.2450502174060998
1.4607518068056162
1.2081864670589697
1.601900101013578
1.400989058301834
1.4385534803778486
1.386348654371666
1.1859380862923437
1.2526331721695716
1.5645108436565112
1.2899223349700917
1.2897972110410696
1.5799019606574802
2.0324024247284824
1.8913542280607296
1.7872949103645437
1.4976656184108468
1.3859482762607027
1.5795516288563218
1.1928954450580749
1.4753922150264698
1.9885062321859723
0.9996174039099659
1.0001929468457484
1.0518222262102173
1.2004283476104152
1.445686001619005
1.482774972885864
1.171022421821337
1.1114598587315614
1.296704527277241
1.8472828743872374
1.9584496951268755
1.2526331730108895
1.5571030617539405
1.638613716780323
1.2526331739196241
1.3420020430204644
1.3862735841536826
1.594317146996837
0.8808426060708798
1.4609770220107359
1.170571994255238
1.1485738540660106
1.2004533708410339
1.527647084461138
1.3642504189579039
1.5645859175754275
1.4234376205450685
-2.3606376227534143
-2.21170619239346
-2.6578748955837526
-2.174191818482037
-2.5463076946561323
-2.3597868182274992
-2.389968478313306
-1.3042028929515321
-2.3975514293656626
-1.8841120973431182
-1.735380856627444
-2.0405764321851554
-2.1000388991349155
-2.5384244595457934
-1.4310360915340923
-2.1301705118255
-2.3300806085438817
-1.899027768067897
-2.806430965743048
-1.8693715995516433
-2.6350759921476543
-1.8772047871556399
-3.014349412156628
-2.508568103903835
-2.1076718985197935
-2.1895829331255725
-2.695013907705615
-2.9031325491935434
-2.389868381012497
-1.3789814084218337
-1.8322075556976851
-1.6909591727694686
-1.7952186809474926
-3.132974067080206
-2.3299304651852384
-2.1371028466225694
-2.4645718240374235
-2.561098236787112
-1.8544309120872227
-2.055216835655683
-2.3373632757594627
-2.3823605039938585
-1.9512826342906917
-1.3637654591543185
-2.129469849637571
-1.906410525185276
-2.0105699364775704
-2.1075217536687596
-0.9998080789422754
-1.9734809653584204
