1.5427394268253993
1.2429425759141592
1.4604008609124288
1.2092336972922577
1.6024562827671354
1.4007100189310078
1.4403981410492714
1.3866434148797158
1.1838955826469582
1.254354499243721
1.563515504517803
1.2896491640073466
1.2897243119813413
1.5796276525707298
2.0294564777331843
1.8909036376428956
1.7874266214531165
1.4980585731517166
1.3847954701939484
1.5811434306902552
1.19449915744263
1.4758635002632234
1.9879087985922077
0.9985595117048324
1.000985523255402
1.0537486570974595
1.2013647436945523
1.4420379138887292
1.4826778755452896
1.1718140046518946
1.1108559178723625
1.2972783148776557
1.847852016187112
1.9585280495067983
1.253463252001986
1.556530776806118
1.6391940677556964
1.2497227501651387
1.3410141520252772
1.3865133338223257
1.5946530730373079
0.8862313350211813
1.459944932372428
1.1706977124134834
1.1474053022610053
1.2005634083114074
1.5237369679518744
1.3640194526053
1.5658666553851532
1.4232481033763378
-2.3588101491261537
-2.211186216678413
-2.65964719434411
-2.1742117444194893
-2.55161205232697
-2.3617288658339004
-2.389857159701987
-1.3040663460017854
-2.3988867609853495
-1.8851494770875943
-1.7372689633733145
-2.040217938188536
-2.1006662131218956
-2.53792607852465
-1.4313849330760902
-2.1277633723172156
-2.329846113169418
-1.8989549472837541
-2.8056350638835563
-1.8674007884201564
-2.6347353555872166
-1.877272868199605
-3.0144938741179517
-2.508094815196696
-2.106868608648955
-2.189610326226981
-2.6924603779608707
-2.9040951765591916
-2.3903194561343866
-1.378850638520196
-1.8340250684382735
-1.6897373407460037
-1.7958075492079206
-3.138732854914037
-2.329075335506479
-2.1385897567501817
-2.462567299518036
-2.5602145075488756
-1.8558678477129582
-2.055329711331857
-2.336177237865782
-2.382795841369078
-1.9527461378893451
-1.3666567666886789
-2.12891544073501
-1.9030971857216672
-2.0102991905274483
-2.108315935245456
-1.0022750225965684
-1.9748236035865552
