1.542337537744042
1.245050223244799
1.4607518119039822
1.2081864640937934
1.6019001009486011
1.4009890631764335
1.4385534820664205
1.386348656941942
1.1859380872835514
1.2526331703893632
1.5645108443846496
1.2899223340406805
1.2897972165385143
1.5799019556325167
2.0324024215531313
1.891354226459453
1.787294911064552
1.4976656170358598
1.3859482762893771
1.579551628486231
1.1928954424924227
1.4753922173487886
1.9885062355633734
0.9996174013047161
1.000192946400937
1.0518222269969788
1.2004283476033528
1.4456860039867405
1.482774976825942
1.1710224250813062
1.1114598600099852
1.2967045257939702
1.847282874626758
1.9584496952631367
1.252633172516454
1.5571030595042423
1.638613717181009
1.2526331733394602
1.3420020407255449
1.3862735833141946
1.5943171517528076
0.8808426065999888
1.4609770224349674
1.170571995378536
1.1485738494716131
1.2004533742070682
1.527647089159774
1.364250418454358
1.564585916433585
1.4234376272084337
-2.3606376229926735
-2.2117061957473894
-2.6578748911391585
-2.1741918203713015
-2.5463076939974805
-2.359786818204001
-2.3899684797972474
-1.3042028953266254
-2.397551429721362
-1.8841120996426097
-1.7353808585056276
-2.040576431707397
-2.100038898852717
-2.538424457810565
-1.431036089126193
-2.130170512674505
-2.3300806085115666
-1.8990277642103066
-2.8064309693890945
-1.8693715983144186
-2.6350759926264335
-1.8772047865206218
-3.014349413604232
-2.508568105806099
-2.1076718989702834
-2.1895829327363145
-2.6950139090954273
-2.903132549153727
-2.3898683851276883
-1.378981402660185
-1.8322075612237194
-1.6909591730506797
-1.7952186753970494
-3.1329740635821155
-2.3299304644056544
-2.13710284883432
-2.464571825716526
-2.5610982406407774
-1.8544309134710892
-2.055216836463149
-2.3373632750219464
-2.3823605046775818
-1.9512826358851114
-1.363765457389562
-2.1294698504052785
-1.9064105253335657
-2.0105699378640183
-2.10752175424396
-0.9998080794836237
-1.9734809653556198
