1.5423375381581064
1.2450502226924944
1.4607518105471744
1.2081864642723146
1.6019001006410973
1.4009890587501472
1.4385534797694521
1.3863486547719441
1.1859380861660835
1.2526331731562677
1.5645108452715741
1.289922333868773
1.289797215547501
1.579901959177411
2.0324024244372967
1.8913542290003915
1.7872949103049378
1.497665616295863
1.3859482761438726
1.5795516278778483
1.1928954450234952
1.4753922145253775
1.9885062361669417
0.9996174009248274
1.0001929452026803
1.0518222259223355
1.2004283481587597
1.445686004276645
1.4827749756751152
1.1710224218810812
1.1114598593980902
1.2967045270764037
1.8472828750802548
1.9584496946186472
1.2526331731562677
1.557103060457582
1.6386137170757502
1.2526331731562677
1.3420020405450088
1.3862735837791806
1.594317150177324
0.8808426072584077
1.4609770235254644
1.1705719959245005
1.1485738544608144
1.2004533718230144
1.5276470868513938
1.36425041865124
1.5645859162643374
1.4234376261704142
-2.360637622849026
-2.211706192977293
-2.657874890986129
-2.1741918192864973
-2.5463076928196653
-2.3597868182643738
-2.3899684781339414
-1.3042028960320753
-2.397551428597714
-1.8841120993208418
-1.735380858763145
-2.040576432327839
-2.100038900153812
-2.5384244583848385
-1.4310360897831038
-2.1301705126948707
-2.3300806080156415
-1.8990277636058435
-2.806430965894044
-1.8693716006856207
-2.635075992266299
-1.8772047877919391
-3.014349413970915
-2.50856810615058
-2.1076718979460947
-2.1895829331923347
-2.6950139097131074
-2.903132547104014
-2.389868383476923
-1.3789814067711221
-1.8322075582943873
-1.6909591735434468
-1.7952186815529352
-3.1329740656518075
-2.329930466030115
-2.137102847888028
-2.464571823223207
-2.5610982387833956
-1.8544309127363638
-2.055216836306042
-2.3373632745083617
-2.3823605040059124
-1.951282635931861
-1.3637654585150665
-2.129469850095745
-1.9064105247555818
-2.0105699381080533
-2.1075217559605677
-0.9998080797235247
-1.973480966709583
